/core/ssa:
  SSAEstimation:
    ros__parameters:
      # Vehicle Parameters
      P_VDC_mass_kg: 800.00
      P_VDC_Izz_kgm2: 1000.00
      P_VDC_l_front_m: 1.724
      P_VDC_l_rear_m: 1.247
      P_VDC_tw_front_m: 1.639
      P_VDC_tw_rear_m: 1.524
      P_VDC_rho_air_kgpm3: 1.22
      P_VDC_cL_front: -0.7
      P_VDC_cL_rear: -0.7

      # Brake Parameters
      P_VDC_d_brake_bore_front_m: 0.0798
      P_VDC_d_brake_bore_rear_m: 0.0798
      P_VDC_r_brake_pads_lever_front_m: 0.1493
      P_VDC_r_brake_pads_lever_rear_m: 0.1493
      P_VDC_mue_brakes_front: 0.55  
      P_VDC_mue_brakes_rear: 0.55
      
      # Tire Parameters
      P_VDC_rtire_front_m: 0.2958
      P_VDC_rtire_rear_m: 0.3099
      
      # Magic Formula Parameters B, C, D, E
      P_VDC_tire_MF_long_front: [20.00, 1.80, 1.65, 1.00]
      P_VDC_tire_MF_long_rear: [20.00, 1.80, 1.70, 1.00]
      P_VDC_tire_MF_lat_front: [22.00, 2.20, 1.60, 1.00]
      P_VDC_tire_MF_lat_rear: [20.00, 2.00, 1.65, 1.00]

      # Sigma Point Distribution
      P_VDC_alpha: 0.001
      P_VDC_beta: 2.0
      P_VDC_kappa: 0.0

      # Covariance Matrices
      P_VDC_P_Init: [0.5, 0.0004]           # v, beta
      P_VDC_ProcessCov_Q: [0.2, 0.001732]   # v, beta
      P_VDC_MeasCov_R: [1.00, 1.00, 120.0, 60.0, 60.0, 120.0]   # v_stm_fl, v_stm_fr, Fx_f, Fx_r, Fy_f, Fy_r

      # # Outlier Detection
      P_VDC_HardAccelerometerOutlierTH: 1000.0
      P_VDC_HardAngularVelocityOutlierTH: 1.0
      P_VDC_MaxConsecutiveIMUHardOutliers: 50

      # IMU FIR filter coefficients
      P_VDC_IMU1_filter_coefficients: [0.07722183762197628, 0.24522338986219644, 0.34256086202951863, 0.24522338986219644, 0.07722183762197628]
      P_VDC_IMU2_filter_coefficients: [0.07722183762197628, 0.24522338986219644, 0.34256086202951863, 0.24522338986219644, 0.07722183762197628]
      P_VDC_IMU3_filter_coefficients: [0.07722183762197628, 0.24522338986219644, 0.34256086202951863, 0.24522338986219644, 0.07722183762197628]
      P_VDC_IMU4_filter_coefficients: [0.07722183762197628, 0.24522338986219644, 0.34256086202951863, 0.24522338986219644, 0.07722183762197628]

      # Yaw Rate Post Filter Coefficients
      P_VDC_yaw_rate_post_filter_coefficients: [0.01, 0.01, 0.01, 0.01, 0.01, 0.01, 0.01, 0.01, 0.01, 0.01,
                                                  0.01, 0.01, 0.01, 0.01, 0.01, 0.01, 0.01, 0.01, 0.01, 0.01,
                                                  0.01, 0.01, 0.01, 0.01, 0.01, 0.01, 0.01, 0.01, 0.01, 0.01,
                                                  0.01, 0.01, 0.01, 0.01, 0.01, 0.01, 0.01, 0.01, 0.01, 0.01,
                                                  0.01, 0.01, 0.01, 0.01, 0.01, 0.01, 0.01, 0.01, 0.01, 0.01,
                                                  0.01, 0.01, 0.01, 0.01, 0.01, 0.01, 0.01, 0.01, 0.01, 0.01,
                                                  0.01, 0.01, 0.01, 0.01, 0.01, 0.01, 0.01, 0.01, 0.01, 0.01,
                                                  0.01, 0.01, 0.01, 0.01, 0.01, 0.01, 0.01, 0.01, 0.01, 0.01,
                                                  0.01, 0.01, 0.01, 0.01, 0.01, 0.01, 0.01, 0.01, 0.01, 0.01,
                                                  0.01, 0.01, 0.01, 0.01, 0.01, 0.01, 0.01, 0.01, 0.01, 0.01]

      # Initial IMU Bias 
      P_VDC_InitialBias: [0.0, 0.0, 0.0, 0.0, 0.0, 0.0]